price: 2.63397384339297
confidence: [2.5490384687955765, 2.718909217990363]
delta: 0.5529336723428989
vega: 6.873542661601932
gamma: 0.19176855591779773
